Temperature (K)	Pressure (MPa)	Density (l, kg/m3)	Volume (l, m3/kg)	Internal Energy (l, kJ/kg)	Enthalpy (l, kJ/kg)	Entropy (l, J/g*K)	Cv (l, J/g*K)	Cp (l, J/g*K)	Sound Spd. (l, m/s)	Joule-Thomson (l, K/MPa)	Viscosity (l, uPa*s)	Therm. Cond. (l, W/m*K)	Surf. Tension (l, N/m)	Density (v, kg/m3)	Volume (v, m3/kg)	Internal Energy (v, kJ/kg)	Enthalpy (v, kJ/kg)	Entropy (v, J/g*K)	Cv (v, J/g*K)	Cp (v, J/g*K)	Sound Spd. (v, m/s)	Joule-Thomson (v, K/MPa)	Viscosity (v, uPa*s)	Therm. Cond. (v, W/m*K)
183.15	0.092363	1235.0	0.00080975	-2.7150	-2.6402	-0.014316	0.95983	1.7182	1144.3	-0.26593	undefined	undefined	0.024097	2.7363	0.36546	339.61	373.37	2.0387	0.58247	0.79813	212.23	44.029	undefined	undefined
184.15	0.098131	1232.0	0.00081168	-0.99884	-0.91919	-0.0049702	0.95845	1.7187	1137.9	-0.26430	undefined	undefined	0.023857	2.8946	0.34547	340.06	373.96	2.0308	0.58501	0.80192	212.60	43.356	undefined	undefined
185.15	0.10418	1229.1	0.00081362	0.71781	0.80257	0.0043276	0.95710	1.7193	1131.4	-0.26262	undefined	undefined	0.023617	3.0600	0.32680	340.51	374.56	2.0230	0.58758	0.80578	212.96	42.694	undefined	undefined
186.15	0.11052	1226.1	0.00081558	2.4350	2.5251	0.013578	0.95578	1.7200	1125.0	-0.26089	undefined	undefined	0.023378	3.2327	0.30934	340.96	375.15	2.0153	0.59018	0.80972	213.32	42.044	undefined	undefined
187.15	0.11716	1223.2	0.00081755	4.1527	4.2485	0.022783	0.95448	1.7208	1118.5	-0.25911	undefined	undefined	0.023140	3.4128	0.29302	341.41	375.74	2.0078	0.59280	0.81373	213.66	41.405	undefined	undefined
188.15	0.12411	1220.2	0.00081954	5.8711	5.9728	0.031941	0.95320	1.7216	1112.1	-0.25729	undefined	undefined	0.022902	3.6006	0.27773	341.85	376.32	2.0003	0.59546	0.81780	214.00	40.777	undefined	undefined
189.15	0.13138	1217.2	0.00082154	7.5902	7.6981	0.041055	0.95195	1.7226	1105.7	-0.25541	undefined	undefined	0.022664	3.7963	0.26341	342.29	376.90	1.9929	0.59814	0.82195	214.34	40.160	undefined	undefined
190.15	0.13898	1214.2	0.00082356	9.3100	9.4245	0.050125	0.95072	1.7235	1099.3	-0.25347	undefined	undefined	0.022427	4.0002	0.24999	342.73	377.47	1.9857	0.60085	0.82618	214.66	39.554	undefined	undefined
191.15	0.14692	1211.3	0.00082559	11.031	11.152	0.059152	0.94952	1.7246	1092.9	-0.25149	undefined	undefined	0.022191	4.2124	0.23739	343.16	378.04	1.9785	0.60358	0.83047	214.98	38.959	undefined	undefined
192.15	0.15521	1208.3	0.00082764	12.752	12.881	0.068136	0.94834	1.7257	1086.5	-0.24945	undefined	undefined	0.021955	4.4332	0.22557	343.60	378.61	1.9715	0.60634	0.83484	215.29	38.375	undefined	undefined
193.15	0.16386	1205.2	0.00082971	14.475	14.611	0.077079	0.94718	1.7269	1080.1	-0.24736	undefined	undefined	0.021719	4.6629	0.21446	344.03	379.17	1.9645	0.60912	0.83928	215.60	37.801	undefined	undefined
194.15	0.17288	1202.2	0.00083179	16.198	16.342	0.085981	0.94605	1.7282	1073.7	-0.24521	undefined	undefined	0.021485	4.9017	0.20401	344.46	379.73	1.9576	0.61193	0.84379	215.89	37.238	undefined	undefined
195.15	0.18229	1199.2	0.00083389	17.923	18.075	0.094843	0.94493	1.7295	1067.3	-0.24300	undefined	undefined	0.021250	5.1498	0.19418	344.88	380.28	1.9509	0.61476	0.84838	216.18	36.685	undefined	undefined
196.15	0.19209	1196.2	0.00083601	19.649	19.809	0.10367	0.94384	1.7309	1060.9	-0.24074	undefined	undefined	0.021016	5.4074	0.18493	345.30	380.82	1.9442	0.61761	0.85304	216.46	36.143	undefined	undefined
197.15	0.20229	1193.1	0.00083814	21.376	21.545	0.11245	0.94277	1.7324	1054.5	-0.23842	undefined	undefined	0.020783	5.6749	0.17621	345.72	381.37	1.9376	0.62048	0.85777	216.74	35.610	undefined	undefined
198.15	0.21290	1190.1	0.00084030	23.104	23.283	0.12120	0.94172	1.7340	1048.1	-0.23603	undefined	undefined	0.020550	5.9525	0.16800	346.14	381.90	1.9310	0.62338	0.86258	217.00	35.087	undefined	undefined
199.15	0.22394	1187.0	0.00084247	24.833	25.022	0.12990	0.94070	1.7356	1041.7	-0.23359	undefined	undefined	0.020318	6.2404	0.16025	346.55	382.44	1.9246	0.62629	0.86747	217.26	34.574	undefined	undefined
200.15	0.23542	1183.9	0.00084466	26.564	26.763	0.13858	0.93969	1.7373	1035.4	-0.23108	undefined	undefined	0.020086	6.5389	0.15293	346.96	382.96	1.9182	0.62922	0.87243	217.51	34.071	undefined	undefined
201.15	0.24735	1180.8	0.00084687	28.296	28.506	0.14721	0.93870	1.7391	1029.0	-0.22851	undefined	undefined	0.019855	6.8483	0.14602	347.37	383.49	1.9120	0.63218	0.87747	217.76	33.578	undefined	undefined
202.15	0.25974	1177.7	0.00084910	30.030	30.251	0.15581	0.93773	1.7409	1022.6	-0.22587	undefined	undefined	0.019625	7.1689	0.13949	347.77	384.00	1.9058	0.63515	0.88258	217.99	33.094	undefined	undefined
203.15	0.27260	1174.6	0.00085134	31.766	31.998	0.16438	0.93678	1.7429	1016.3	-0.22317	undefined	undefined	0.019395	7.5008	0.13332	348.17	384.51	1.8996	0.63814	0.88778	218.22	32.619	undefined	undefined
204.15	0.28594	1171.5	0.00085361	33.503	33.747	0.17291	0.93585	1.7449	1009.9	-0.22039	undefined	undefined	0.019165	7.8444	0.12748	348.57	385.02	1.8936	0.64114	0.89305	218.44	32.153	undefined	undefined
205.15	0.29978	1168.4	0.00085590	35.241	35.498	0.18141	0.93494	1.7470	1003.5	-0.21755	undefined	undefined	0.018936	8.2001	0.12195	348.96	385.52	1.8876	0.64416	0.89840	218.65	31.697	undefined	undefined
206.15	0.31413	1165.2	0.00085821	36.982	37.251	0.18988	0.93405	1.7492	997.18	-0.21464	undefined	undefined	0.018708	8.5680	0.11671	349.35	386.01	1.8817	0.64720	0.90384	218.86	31.249	undefined	undefined
207.15	0.32899	1162.1	0.00086055	38.724	39.007	0.19831	0.93318	1.7514	990.82	-0.21165	undefined	undefined	0.018480	8.9485	0.11175	349.74	386.50	1.8758	0.65025	0.90935	219.05	30.810	undefined	undefined
208.15	0.34439	1158.9	0.00086290	40.468	40.766	0.20672	0.93232	1.7538	984.46	-0.20859	undefined	undefined	0.018253	9.3418	0.10705	350.12	386.99	1.8700	0.65332	0.91495	219.24	30.380	undefined	undefined
209.15	0.36032	1155.7	0.00086528	42.214	42.526	0.21509	0.93149	1.7562	978.10	-0.20545	undefined	undefined	0.018026	9.7483	0.10258	350.50	387.46	1.8643	0.65640	0.92064	219.42	29.958	undefined	undefined
210.15	0.37682	1152.5	0.00086768	43.963	44.290	0.22343	0.93067	1.7587	971.75	-0.20223	undefined	undefined	0.017800	10.168	0.098345	350.87	387.93	1.8587	0.65949	0.92641	219.59	29.544	undefined	undefined
211.15	0.39388	1149.3	0.00087010	45.713	46.056	0.23175	0.92986	1.7613	965.40	-0.19893	undefined	undefined	0.017575	10.602	0.094321	351.25	388.40	1.8531	0.66260	0.93227	219.75	29.139	undefined	undefined
212.15	0.41152	1146.1	0.00087255	47.465	47.824	0.24003	0.92908	1.7640	959.04	-0.19555	undefined	undefined	0.017350	11.050	0.090497	351.61	388.85	1.8475	0.66572	0.93822	219.91	28.742	undefined	undefined
213.15	0.42975	1142.8	0.00087502	49.220	49.596	0.24829	0.92831	1.7667	952.69	-0.19209	undefined	undefined	0.017126	11.512	0.086863	351.98	389.31	1.8420	0.66885	0.94425	220.05	28.352	undefined	undefined
214.15	0.44859	1139.6	0.00087751	50.977	51.370	0.25651	0.92756	1.7696	946.34	-0.18854	undefined	undefined	0.016902	11.990	0.083406	352.33	389.75	1.8366	0.67199	0.95038	220.19	27.971	undefined	undefined
215.15	0.46805	1136.3	0.00088004	52.736	53.148	0.26472	0.92682	1.7726	939.98	-0.18490	undefined	undefined	0.016679	12.482	0.080116	352.69	390.19	1.8313	0.67515	0.95661	220.32	27.597	undefined	undefined
216.15	0.48814	1133.0	0.00088258	54.498	54.928	0.27289	0.92610	1.7756	933.63	-0.18117	undefined	undefined	0.016457	12.990	0.076985	353.04	390.62	1.8259	0.67831	0.96293	220.44	27.231	undefined	undefined
217.15	0.50887	1129.7	0.00088516	56.262	56.712	0.28104	0.92540	1.7787	927.28	-0.17735	undefined	undefined	0.016235	13.513	0.074002	353.39	391.04	1.8207	0.68149	0.96935	220.55	26.872	undefined	undefined
218.15	0.53026	1126.4	0.00088776	58.029	58.499	0.28916	0.92471	1.7820	920.92	-0.17343	undefined	undefined	0.016014	14.053	0.071159	353.73	391.46	1.8155	0.68467	0.97588	220.66	26.520	undefined	undefined
219.15	0.55231	1123.1	0.00089038	59.798	60.290	0.29726	0.92404	1.7853	914.57	-0.16941	undefined	undefined	0.015794	14.609	0.068450	354.07	391.87	1.8103	0.68787	0.98251	220.75	26.176	undefined	undefined
220.15	0.57505	1119.8	0.00089304	61.570	62.084	0.30534	0.92339	1.7888	908.21	-0.16529	undefined	undefined	0.015574	15.183	0.065865	354.40	392.27	1.8052	0.69107	0.98924	220.84	25.838	undefined	undefined
221.15	0.59849	1116.4	0.00089572	63.345	63.881	0.31339	0.92275	1.7923	901.85	-0.16107	undefined	undefined	0.015354	15.773	0.063399	354.73	392.67	1.8001	0.69428	0.99608	220.91	25.507	undefined	undefined
222.15	0.62263	1113.0	0.00089844	65.123	65.682	0.32141	0.92212	1.7960	895.49	-0.15674	undefined	undefined	0.015136	16.381	0.061045	355.05	393.06	1.7951	0.69750	1.0030	220.98	25.183	undefined	undefined
223.15	0.64749	1109.7	0.00090118	66.903	67.487	0.32942	0.92151	1.7998	889.13	-0.15230	undefined	undefined	0.014918	17.008	0.058797	355.37	393.44	1.7901	0.70073	1.0101	221.04	24.866	undefined	undefined
224.15	0.67309	1106.2	0.00090396	68.687	69.295	0.33740	0.92092	1.8036	882.76	-0.14775	undefined	undefined	0.014701	17.653	0.056649	355.68	393.81	1.7852	0.70397	1.0173	221.09	24.555	undefined	undefined
225.15	0.69944	1102.8	0.00090676	70.474	71.108	0.34537	0.92034	1.8076	876.39	-0.14309	undefined	undefined	0.014484	18.317	0.054595	355.99	394.17	1.7803	0.70722	1.0246	221.13	24.250	undefined	undefined
226.15	0.72655	1099.4	0.00090960	72.264	72.925	0.35331	0.91977	1.8118	870.02	-0.13830	undefined	undefined	0.014268	19.000	0.052632	356.29	394.53	1.7754	0.71047	1.0321	221.16	23.952	undefined	undefined
227.15	0.75444	1095.9	0.00091247	74.057	74.745	0.36123	0.91922	1.8160	863.65	-0.13339	undefined	undefined	0.014053	19.703	0.050754	356.59	394.88	1.7706	0.71373	1.0396	221.19	23.659	undefined	undefined
228.15	0.78311	1092.4	0.00091538	75.853	76.570	0.36913	0.91869	1.8204	857.27	-0.12835	undefined	undefined	0.013838	20.426	0.048957	356.88	395.22	1.7658	0.71700	1.0474	221.20	23.373	undefined	undefined
229.15	0.81258	1088.9	0.00091832	77.653	78.400	0.37701	0.91817	1.8249	850.89	-0.12319	undefined	undefined	0.013624	21.170	0.047236	357.17	395.55	1.7610	0.72028	1.0552	221.20	23.092	undefined	undefined
230.15	0.84288	1085.4	0.00092129	79.457	80.233	0.38488	0.91766	1.8295	844.50	-0.11788	undefined	undefined	0.013411	21.935	0.045588	357.45	395.87	1.7563	0.72356	1.0632	221.20	22.817	undefined	undefined
231.15	0.87400	1081.9	0.00092431	81.264	82.072	0.39272	0.91717	1.8342	838.11	-0.11244	undefined	undefined	0.013198	22.722	0.044009	357.72	396.19	1.7516	0.72686	1.0713	221.19	22.548	undefined	undefined
232.15	0.90596	1078.3	0.00092735	83.075	83.915	0.40055	0.91669	1.8391	831.72	-0.10686	undefined	undefined	0.012986	23.532	0.042496	357.99	396.49	1.7470	0.73016	1.0797	221.16	22.283	undefined	undefined
233.15	0.93878	1074.8	0.00093044	84.889	85.763	0.40836	0.91623	1.8442	825.32	-0.10113	undefined	undefined	0.012775	24.364	0.041045	358.26	396.79	1.7424	0.73347	1.0881	221.13	22.025	undefined	undefined
234.15	0.97248	1071.2	0.00093357	86.708	87.616	0.41616	0.91578	1.8494	818.91	-0.095240	undefined	undefined	0.012565	25.219	0.039653	358.51	397.07	1.7378	0.73678	1.0968	221.08	21.771	undefined	undefined
235.15	1.0071	1067.5	0.00093673	88.530	89.474	0.42394	0.91534	1.8547	812.50	-0.089196	undefined	undefined	0.012355	26.098	0.038318	358.76	397.35	1.7332	0.74011	1.1056	221.03	21.523	undefined	undefined
236.15	1.0425	1063.9	0.00093994	90.357	91.337	0.43170	0.91492	1.8602	806.09	-0.082989	undefined	undefined	0.012146	27.001	0.037036	359.01	397.62	1.7287	0.74344	1.1146	220.97	21.279	undefined	undefined
237.15	1.0789	1060.2	0.00094319	92.188	93.205	0.43945	0.91452	1.8659	799.66	-0.076613	undefined	undefined	0.011938	27.929	0.035805	359.25	397.88	1.7242	0.74678	1.1237	220.90	21.041	undefined	undefined
238.15	1.1162	1056.5	0.00094648	94.023	95.079	0.44719	0.91413	1.8717	793.23	-0.070063	undefined	undefined	0.011731	28.883	0.034622	359.48	398.12	1.7197	0.75014	1.1331	220.82	20.807	undefined	undefined
239.15	1.1545	1052.8	0.00094981	95.862	96.959	0.45491	0.91375	1.8777	786.79	-0.063331	undefined	undefined	0.011524	29.863	0.033486	359.70	398.36	1.7152	0.75350	1.1427	220.72	20.578	undefined	undefined
240.15	1.1937	1049.1	0.00095319	97.706	98.844	0.46263	0.91339	1.8839	780.35	-0.056412	undefined	undefined	0.011318	30.870	0.032394	359.92	398.59	1.7108	0.75686	1.1525	220.62	20.353	undefined	undefined
241.15	1.2339	1045.3	0.00095662	99.555	100.73	0.47032	0.91304	1.8903	773.89	-0.049299	undefined	undefined	0.011113	31.904	0.031344	360.13	398.80	1.7064	0.76024	1.1626	220.51	20.133	undefined	undefined
242.15	1.2751	1041.6	0.00096010	101.41	102.63	0.47801	0.91270	1.8969	767.43	-0.041985	undefined	undefined	0.010908	32.966	0.030334	360.33	399.01	1.7019	0.76363	1.1728	220.39	19.917	undefined	undefined
243.15	1.3172	1037.7	0.00096362	103.27	104.54	0.48569	0.91238	1.9036	760.95	-0.034462	undefined	undefined	0.010705	34.057	0.029362	360.52	399.20	1.6976	0.76703	1.1833	220.25	19.705	undefined	undefined
244.15	1.3604	1033.9	0.00096720	105.13	106.44	0.49335	0.91208	1.9106	754.47	-0.026723	undefined	undefined	0.010502	35.178	0.028427	360.71	399.38	1.6932	0.77044	1.1941	220.11	19.498	undefined	undefined
245.15	1.4046	1030.0	0.00097083	107.00	108.36	0.50101	0.91179	1.9178	747.98	-0.018759	undefined	undefined	0.010300	36.329	0.027526	360.89	399.56	1.6888	0.77386	1.2051	219.96	19.294	undefined	undefined
246.15	1.4499	1026.2	0.00097451	108.87	110.28	0.50866	0.91151	1.9253	741.47	-0.010561	undefined	undefined	0.010099	37.511	0.026659	361.06	399.71	1.6845	0.77730	1.2164	219.79	19.095	undefined	undefined
247.15	1.4962	1022.2	0.00097825	110.75	112.21	0.51630	0.91125	1.9330	734.95	-0.0021206	undefined	undefined	0.0098982	38.725	0.025823	361.22	399.86	1.6802	0.78075	1.2281	219.62	18.899	undefined	undefined
248.15	1.5436	1018.3	0.00098204	112.63	114.15	0.52393	0.91101	1.9409	728.43	0.0065723	undefined	undefined	0.0096987	39.971	0.025018	361.38	400.00	1.6758	0.78421	1.2400	219.44	18.707	undefined	undefined
249.15	1.5921	1014.3	0.00098589	114.52	116.09	0.53156	0.91078	1.9491	721.88	0.015528	undefined	undefined	0.0095000	41.252	0.024241	361.52	400.12	1.6715	0.78768	1.2522	219.24	18.518	undefined	undefined
250.15	1.6416	1010.3	0.00098981	116.42	118.05	0.53918	0.91057	1.9575	715.33	0.024757	undefined	undefined	0.0093021	42.566	0.023493	361.66	400.23	1.6672	0.79117	1.2648	219.03	18.333	undefined	undefined
251.15	1.6923	1006.3	0.00099378	118.32	120.00	0.54679	0.91037	1.9663	708.76	0.034272	undefined	undefined	0.0091052	43.917	0.022770	361.79	400.32	1.6629	0.79467	1.2778	218.82	18.152	undefined	undefined
252.15	1.7441	1002.2	0.00099782	120.23	121.97	0.55440	0.91019	1.9753	702.18	0.044083	undefined	undefined	0.0089091	45.303	0.022073	361.91	400.41	1.6586	0.79819	1.2911	218.59	17.973	undefined	undefined
253.15	1.7971	998.07	0.0010019	122.15	123.95	0.56201	0.91003	1.9847	695.57	0.054205	undefined	undefined	0.0087138	46.727	0.021401	362.01	400.47	1.6544	0.80173	1.3049	218.35	17.798	undefined	undefined
254.15	1.8512	993.93	0.0010061	124.07	125.93	0.56962	0.90988	1.9943	688.96	0.064650	undefined	undefined	0.0085195	48.190	0.020751	362.11	400.53	1.6501	0.80529	1.3190	218.10	17.626	undefined	undefined
255.15	1.9066	989.75	0.0010104	125.99	127.92	0.57722	0.90975	2.0044	682.32	0.075434	undefined	undefined	0.0083261	49.692	0.020124	362.20	400.57	1.6458	0.80886	1.3337	217.84	17.458	undefined	undefined
256.15	1.9631	985.54	0.0010147	127.93	129.92	0.58482	0.90964	2.0147	675.67	0.086571	undefined	undefined	0.0081336	51.235	0.019518	362.28	400.59	1.6415	0.81245	1.3487	217.57	17.292	undefined	undefined
257.15	2.0208	981.29	0.0010191	129.87	131.93	0.59242	0.90954	2.0255	669.00	0.098079	undefined	undefined	0.0079420	52.820	0.018932	362.34	400.60	1.6372	0.81607	1.3643	217.28	17.129	undefined	undefined
258.15	2.0797	977.00	0.0010235	131.82	133.95	0.60002	0.90947	2.0367	662.30	0.10997	undefined	undefined	0.0077514	54.448	0.018366	362.40	400.59	1.6329	0.81971	1.3804	216.99	16.969	undefined	undefined
259.15	2.1399	972.67	0.0010281	133.78	135.98	0.60762	0.90941	2.0482	655.59	0.12228	undefined	undefined	0.0075618	56.121	0.017819	362.44	400.57	1.6286	0.82337	1.3971	216.68	16.811	undefined	undefined
260.15	2.2013	968.30	0.0010327	135.74	138.02	0.61523	0.90938	2.0603	648.85	0.13500	undefined	undefined	0.0073731	57.840	0.017289	362.47	400.53	1.6243	0.82705	1.4144	216.36	16.656	undefined	undefined
261.15	2.2641	963.89	0.0010375	137.71	140.06	0.62284	0.90937	2.0728	642.09	0.14818	undefined	undefined	0.0071855	59.607	0.016777	362.49	400.47	1.6200	0.83077	1.4323	216.03	16.504	undefined	undefined
262.15	2.3281	959.44	0.0010423	139.70	142.12	0.63045	0.90937	2.0858	635.30	0.16182	undefined	undefined	0.0069988	61.422	0.016281	362.50	400.40	1.6157	0.83450	1.4509	215.69	16.354	undefined	undefined
263.15	2.3934	954.93	0.0010472	141.68	144.19	0.63807	0.90940	2.0993	628.49	0.17596	undefined	undefined	0.0068131	63.288	0.015801	362.49	400.31	1.6113	0.83827	1.4702	215.33	16.207	undefined	undefined
264.15	2.4600	950.39	0.0010522	143.68	146.27	0.64569	0.90945	2.1134	621.65	0.19062	undefined	undefined	0.0066285	65.207	0.015336	362.47	400.20	1.6070	0.84207	1.4903	214.96	16.061	undefined	undefined
265.15	2.5280	945.79	0.0010573	145.69	148.36	0.65333	0.90953	2.1281	614.77	0.20583	undefined	undefined	0.0064450	67.180	0.014885	362.44	400.07	1.6026	0.84590	1.5112	214.59	15.918	undefined	undefined
266.15	2.5973	941.15	0.0010625	147.71	150.47	0.66097	0.90963	2.1434	607.87	0.22162	undefined	undefined	0.0062625	69.209	0.014449	362.39	399.92	1.5982	0.84977	1.5329	214.19	15.777	undefined	undefined
267.15	2.6680	936.45	0.0010679	149.74	152.58	0.66863	0.90976	2.1594	600.94	0.23802	undefined	undefined	0.0060811	71.296	0.014026	362.32	399.75	1.5938	0.85367	1.5556	213.79	15.638	undefined	undefined
268.15	2.7401	931.70	0.0010733	151.77	154.71	0.67629	0.90992	2.1761	593.97	0.25506	undefined	undefined	0.0059008	73.443	0.013616	362.24	399.55	1.5894	0.85761	1.5794	213.37	15.501	undefined	undefined
269.15	2.8136	926.89	0.0010789	153.82	156.86	0.68397	0.91010	2.1937	586.96	0.27279	undefined	undefined	0.0057217	75.653	0.013218	362.15	399.34	1.5849	0.86159	1.6042	212.94	15.365	undefined	undefined
270.15	2.8885	922.03	0.0010846	155.88	159.01	0.69167	0.91032	2.2120	579.91	0.29125	undefined	undefined	0.0055437	77.928	0.012832	362.04	399.10	1.5804	0.86562	1.6301	212.50	15.231	undefined	undefined
271.15	2.9649	917.11	0.0010904	157.95	161.18	0.69938	0.91057	2.2313	572.83	0.31047	undefined	undefined	0.0053668	80.271	0.012458	361.91	398.84	1.5759	0.86969	1.6574	212.04	15.099	undefined	undefined
272.15	3.0428	912.12	0.0010963	160.03	163.37	0.70711	0.91085	2.2515	565.70	0.33051	undefined	undefined	0.0051912	82.684	0.012094	361.76	398.56	1.5713	0.87380	1.6859	211.57	14.968	undefined	undefined
273.15	3.1221	907.07	0.0011025	162.13	165.57	0.71487	0.91117	2.2727	558.52	0.35143	undefined	undefined	0.0050168	85.171	0.011741	361.59	398.25	1.5667	0.87797	1.7160	211.09	14.839	undefined	undefined
274.15	3.2029	901.95	0.0011087	164.23	167.79	0.72264	0.91153	2.2951	551.30	0.37327	undefined	undefined	0.0048436	87.734	0.011398	361.41	397.91	1.5621	0.88219	1.7477	210.59	14.711	undefined	undefined
275.15	3.2852	896.75	0.0011151	166.36	170.02	0.73044	0.91192	2.3187	544.02	0.39610	undefined	undefined	0.0046717	90.377	0.011065	361.20	397.55	1.5574	0.88647	1.7811	210.08	14.584	undefined	undefined
276.15	3.3691	891.49	0.0011217	168.49	172.27	0.73827	0.91236	2.3437	536.69	0.41999	undefined	undefined	0.0045011	93.103	0.010741	360.97	397.16	1.5526	0.89081	1.8163	209.55	14.458	undefined	undefined
277.15	3.4546	886.14	0.0011285	170.64	174.54	0.74612	0.91285	2.3701	529.30	0.44502	undefined	undefined	0.0043318	95.918	0.010426	360.72	396.73	1.5478	0.89522	1.8537	209.01	14.333	undefined	undefined
278.15	3.5416	880.71	0.0011354	172.81	176.83	0.75401	0.91339	2.3981	521.85	0.47126	undefined	undefined	0.0041639	98.824	0.010119	360.44	396.28	1.5430	0.89969	1.8933	208.45	14.209	undefined	undefined
279.15	3.6302	875.20	0.0011426	174.99	179.14	0.76194	0.91398	2.4278	514.34	0.49881	undefined	undefined	0.0039973	101.83	0.0098207	360.14	395.80	1.5381	0.90424	1.9355	207.88	14.085	undefined	undefined
280.15	3.7205	869.59	0.0011500	177.19	181.47	0.76990	0.91463	2.4594	506.76	0.52777	undefined	undefined	0.0038322	104.93	0.0095302	359.82	395.28	1.5331	0.90887	1.9803	207.30	13.962	undefined	undefined
281.15	3.8124	863.89	0.0011576	179.41	183.82	0.77790	0.91534	2.4931	499.10	0.55825	undefined	undefined	0.0036685	108.14	0.0092472	359.47	394.72	1.5280	0.91357	2.0282	206.70	13.839	undefined	undefined
282.15	3.9059	858.08	0.0011654	181.65	186.20	0.78596	0.91611	2.5292	491.37	0.59037	undefined	undefined	0.0035063	111.46	0.0089715	359.08	394.13	1.5229	0.91837	2.0795	206.08	13.717	undefined	undefined
283.15	4.0012	852.17	0.0011735	183.90	188.60	0.79406	0.91696	2.5678	483.56	0.62428	undefined	undefined	0.0033457	114.91	0.0087026	358.67	393.49	1.5177	0.92327	2.1346	205.45	13.594	undefined	undefined
284.15	4.0982	846.14	0.0011818	186.18	191.03	0.80221	0.91789	2.6094	475.65	0.66013	undefined	undefined	0.0031866	118.48	0.0084404	358.23	392.82	1.5124	0.92826	2.1938	204.80	13.471	undefined	undefined
285.15	4.1969	839.99	0.0011905	188.48	193.48	0.81042	0.91891	2.6542	467.66	0.69809	undefined	undefined	0.0030292	122.18	0.0081845	357.75	392.10	1.5070	0.93337	2.2578	204.14	13.348	undefined	undefined
286.15	4.2974	833.71	0.0011995	190.81	195.97	0.81870	0.92001	2.7026	459.56	0.73835	undefined	undefined	0.0028734	126.03	0.0079346	357.23	391.33	1.5014	0.93859	2.3270	203.46	13.223	undefined	undefined
287.15	4.3996	827.28	0.0012088	193.16	198.48	0.82705	0.92122	2.7552	451.35	0.78116	undefined	undefined	0.0027194	130.03	0.0076905	356.68	390.51	1.4958	0.94394	2.4023	202.76	13.098	undefined	undefined
288.15	4.5037	820.71	0.0012185	195.54	201.03	0.83548	0.92255	2.8124	443.03	0.82674	undefined	undefined	0.0025671	134.20	0.0074517	356.08	389.64	1.4900	0.94943	2.4845	202.04	12.972	undefined	undefined
289.15	4.6097	813.97	0.0012285	197.96	203.62	0.84399	0.92400	2.8751	434.59	0.87541	undefined	undefined	0.0024167	138.54	0.0072182	355.44	388.71	1.4841	0.95507	2.5746	201.31	12.844	undefined	undefined
290.15	4.7175	807.06	0.0012391	200.40	206.25	0.85260	0.92559	2.9440	426.02	0.92748	undefined	undefined	0.0022682	143.07	0.0069895	354.75	387.72	1.4780	0.96087	2.6738	200.55	12.714	undefined	undefined
291.15	4.8272	799.96	0.0012501	202.88	208.91	0.86131	0.92733	3.0201	417.30	0.98334	undefined	undefined	0.0021216	147.81	0.0067654	354.00	386.66	1.4718	0.96685	2.7836	199.78	12.582	undefined	undefined
292.15	4.9389	792.65	0.0012616	205.40	211.63	0.87014	0.92925	3.1046	408.43	1.0434	undefined	undefined	0.0019771	152.78	0.0065456	353.20	385.53	1.4654	0.97302	2.9059	198.99	12.447	undefined	undefined
293.15	5.0525	785.10	0.0012737	207.96	214.40	0.87910	0.93136	3.1992	399.39	1.1083	undefined	undefined	0.0018348	157.99	0.0063297	352.34	384.32	1.4588	0.97940	3.0428	198.18	12.309	undefined	undefined
294.15	5.1682	777.31	0.0012865	210.57	217.22	0.88820	0.93369	3.3057	390.17	1.1785	undefined	undefined	0.0016947	163.47	0.0061175	351.41	383.02	1.4519	0.98601	3.1974	197.35	12.167	undefined	undefined
295.15	5.2859	769.23	0.0013000	213.23	220.10	0.89747	0.93627	3.4267	380.75	1.2549	undefined	undefined	0.0015570	169.25	0.0059085	350.40	381.63	1.4448	0.99288	3.3731	196.50	12.020	undefined	undefined
296.15	5.4057	760.84	0.0013143	215.95	223.05	0.90693	0.93913	3.5654	371.11	1.3383	undefined	undefined	0.0014217	175.36	0.0057025	349.31	380.14	1.4374	1.0000	3.5750	195.62	11.868	undefined	undefined
297.15	5.5277	752.09	0.0013296	218.73	226.08	0.91659	0.94233	3.7261	361.24	1.4297	undefined	undefined	0.0012891	181.85	0.0054990	348.13	378.52	1.4296	1.0075	3.8092	194.72	11.709	undefined	undefined
298.15	5.6518	742.93	0.0013460	221.59	229.20	0.92650	0.94591	3.9147	351.11	1.5305	undefined	undefined	0.0011592	188.77	0.0052976	346.83	376.77	1.4215	1.0154	4.0843	193.80	11.543	undefined	undefined
299.15	5.7782	733.31	0.0013637	224.53	232.41	0.93670	0.94995	4.1394	340.68	1.6423	undefined	undefined	0.0010322	196.17	0.0050976	345.42	374.87	1.4129	1.0236	4.4121	192.85	11.368	undefined	undefined
300.15	5.9069	723.14	0.0013829	227.58	235.75	0.94724	0.95452	4.4118	329.93	1.7672	undefined	undefined	0.00090841	204.14	0.0048986	343.86	372.80	1.4038	1.0323	4.8098	191.88	11.181	undefined	undefined
301.15	6.0380	712.31	0.0014039	230.74	239.22	0.95818	0.95975	4.7495	318.81	1.9078	undefined	undefined	0.00078799	212.79	0.0046995	342.14	370.51	1.3941	1.0416	5.3023	190.87	10.982	undefined	undefined
302.15	6.1715	700.70	0.0014271	234.05	242.86	0.96962	0.96580	5.1795	307.25	2.0678	undefined	undefined	0.00067127	222.24	0.0044996	340.21	367.98	1.3837	1.0515	5.9286	189.83	10.765	undefined	undefined
303.15	6.3075	688.11	0.0014533	237.54	246.71	0.98169	0.97286	5.7465	295.20	2.2518	undefined	undefined	0.00055860	232.70	0.0042974	338.04	365.14	1.3724	1.0622	6.7523	188.76	10.529	undefined	undefined
304.15	6.4463	674.25	0.0014831	241.26	250.82	0.99457	0.98126	6.5297	282.56	2.4667	undefined	undefined	0.00045046	244.44	0.0040910	335.55	361.92	1.3598	1.0738	7.8847	187.64	10.266	undefined	undefined
305.15	6.5877	658.69	0.0015182	245.29	255.29	1.0085	0.99148	7.6834	269.18	2.7225	undefined	undefined	0.00034745	257.89	0.0038776	332.64	358.19	1.3457	1.0865	9.5408	186.48	9.9668	undefined	undefined
306.15	6.7321	640.69	0.0015608	249.77	260.28	1.0241	1.0043	9.5537	254.85	3.0353	undefined	undefined	0.00025044	273.79	0.0036524	329.14	353.73	1.3294	1.1008	12.196	185.25	9.6175	undefined	undefined
307.15	6.8797	618.82	0.0016160	254.96	266.08	1.0423	1.0213	13.105	239.22	3.4339	undefined	undefined	0.00016072	293.55	0.0034066	324.72	348.16	1.3095	1.1172	17.145	183.95	9.1897	undefined	undefined
308.15	7.0307	589.52	0.0016963	261.53	273.45	1.0654	1.0461	22.343	221.50	3.9821	undefined	undefined	8.0567e-05	320.66	0.0031186	318.57	340.49	1.2830	1.1367	29.606	182.54	8.6175	undefined	undefined
