; Name diameter(mm) Length(mm) delay propellant_weight(kg) mass(kg)
M1710-I 143 2438 P 5.47 11.42 SSI105I
0.010 1455.957
0.290 1709.413
0.570 1661.926
0.850 1619.489
1.130 1578.376
1.410 1542.485
1.690 1508.087
1.970 1472.802
2.250 1441.859
2.530 1412.700
2.810 1384.213
3.090 1357.195
3.370 1331.220
3.650 1304.877
3.930 1279.639
4.220 1255.347
4.500 1231.357
4.780 1210.377
5.060 1191.510
5.340 1168.419
5.620 1150.271
5.900 1130.485
6.180 1110.938
6.460 1090.872
6.740 1073.692
7.020 1060.255
7.300 1043.769
7.580 1025.464
7.860 297.752
8.134 0.000
