; Name diameter(mm) Length(mm) delay propellant_weight(kg) mass(kg)
M11100-I 101.6 1938 P 5.68 11.63 SSS100I
0.010 1533.573
0.260 1722.620
0.510 1678.133
0.770 1636.994
1.020 1598.718
1.270 1563.832
1.520 1531.412
1.780 1498.266
2.030 1467.778
2.280 1440.061
2.530 1413.303
2.790 1385.588
3.040 1361.859
3.290 1336.570
3.540 1312.367
3.800 1288.947
4.050 1265.957
4.300 1243.896
4.550 1224.352
4.810 1205.060
5.060 1182.849
5.310 1165.263
5.560 1146.137
5.820 1126.426
6.070 1106.964
6.320 1088.369
6.570 1072.188
6.830 1053.732
7.080 1035.516
7.329 0.000
;