; Name diameter(mm) Length(mm) delay propellant_weight(kg) mass(kg)
M11100-I 101.6 1938 P 4.78 10.73 SS8125I
0.010 1674.463
0.200 1750.452
0.390 1718.633
0.570 1688.256
0.760 1660.109
0.950 1631.561
1.140 1604.121
1.320 1578.341
1.510 1555.441
1.700 1531.626
1.890 1508.789
2.070 1485.753
2.260 1464.456
2.450 1444.087
2.640 1423.985
2.820 1405.144
3.010 1385.370
3.200 1367.976
3.390 1348.826
3.570 1331.123
3.760 1312.111
3.950 1295.494
4.140 1277.518
4.320 1260.203
4.510 1244.052
4.700 1229.869
4.890 1214.602
5.070 1197.413
5.260 1182.964
5.444 0.000
;