; Name diameter(mm) Length(mm) delay propellant_weight(kg) mass(kg)
O6900-I 143 2438 P 3.85 15.79 SSI
0.010 1320.418
0.200 1561.631
0.400 1546.229
0.590 1531.306
0.790 1516.129
0.980 1500.406
1.180 1482.341
1.370 1466.933
1.570 1451.104
1.760 1434.491
1.960 1417.684
2.150 1401.527
2.350 1384.385
2.540 1368.230
2.740 1352.983
2.930 1337.996
3.130 1322.032
3.320 1307.148
3.520 1290.261
3.710 1275.134
3.910 1259.703
4.100 1245.385
4.300 1230.102
4.490 1215.732
4.690 1200.258
4.880 490.540
5.080 428.407
5.270 376.835
5.470 329.905
5.655 0.000
