; Name diameter(mm) Length(mm) delay propellant_weight(kg) mass(kg)
M11100-I 101.6 1938 P 5.19 10.72 SSS9I
0.010 1438.803
0.230 1737.226
0.440 1701.795
0.660 1665.651
0.880 1631.938
1.090 1600.776
1.310 1570.094
1.530 1542.283
1.740 1516.455
1.960 1487.814
2.180 1462.852
2.390 1440.102
2.610 1416.844
2.830 1393.563
3.040 1373.314
3.260 1351.865
3.470 1330.839
3.690 1309.148
3.910 1289.961
4.120 1270.037
4.340 1250.235
4.560 1232.570
4.770 1217.298
4.990 1197.668
5.210 1180.377
5.420 1164.829
5.640 1146.952
5.860 1129.385
6.070 1112.651
6.284 0.000
;