; Name diameter(mm) Length(mm) delay propellant_weight(kg) mass(kg)
O15000-I 143 2438 P 8.25 20.19 SSI
0.010 12.969
0.450 1525.973
0.880 1489.329
1.320 1456.482
1.750 1425.183
2.190 1395.309
2.630 1368.379
3.060 1342.575
3.500 1315.520
3.940 1291.783
4.370 1269.239
4.810 1245.884
5.240 1225.585
5.680 1203.239
6.120 1181.458
6.550 1161.258
6.990 1141.141
7.430 1120.636
7.860 1103.124
8.300 1087.828
8.730 1068.302
9.170 1052.358
9.610 1035.592
10.040 1018.972
10.480 1000.820
10.920 985.015
11.350 972.943
11.790 961.032
12.220 944.583
12.653 0.000
