; Name diameter(mm) Length(mm) delay propellant_weight(kg) mass(kg)
M11100-I 101.6 1938 P 4.96 10.09 SSS85I
0.010 1446.394
0.210 1745.409
0.410 1711.931
0.610 1678.010
0.810 1648.317
1.010 1618.541
1.210 1589.449
1.410 1563.456
1.610 1538.202
1.810 1514.112
2.010 1488.200
2.210 1465.699
2.410 1444.107
2.610 1422.877
2.810 1401.900
3.000 1382.460
3.200 1363.890
3.400 1343.532
3.600 1324.165
3.800 1304.935
4.000 1287.384
4.200 1267.498
4.400 1249.935
4.600 1234.134
4.800 1219.266
5.000 1201.158
5.200 1184.867
5.400 1169.844
5.600 1153.479
5.794 0.000
;