; Name diameter(mm) Length(mm) delay propellant_weight(kg) mass(kg)
O20000-I 143 2438 P 10.99 22.93 SSI
0.010 12.627
0.590 1523.921
1.170 1487.113
1.750 1454.776
2.330 1423.391
2.910 1393.913
3.490 1367.524
4.070 1341.631
4.650 1314.777
5.230 1291.415
5.810 1268.691
6.390 1245.514
6.970 1224.915
7.550 1202.864
8.130 1181.415
8.720 1160.535
9.300 1140.571
9.880 1120.193
10.460 1102.300
11.040 1087.330
11.620 1067.738
12.200 1051.816
12.780 1035.321
13.360 1018.434
13.940 1000.458
14.520 984.626
15.100 972.131
15.680 960.392
16.260 944.594
16.839 0.000
