; Name diameter(mm) Length(mm) delay propellant_weight(kg) mass(kg)
O18000-I 143 2438 P 9.91 21.85 SSI
0.010 12.897
0.530 1525.843
1.060 1488.435
1.580 1456.200
2.110 1424.264
2.630 1394.924
3.160 1368.047
3.680 1342.025
4.210 1314.927
4.730 1291.633
5.250 1268.845
5.780 1245.301
6.300 1224.784
6.830 1202.262
7.350 1180.859
7.880 1160.200
8.400 1140.162
8.930 1119.602
9.450 1102.063
9.980 1086.538
10.500 1066.792
11.020 1051.225
11.550 1034.356
12.070 1017.633
12.600 999.443
13.120 983.906
13.650 971.548
14.170 959.670
14.700 943.205
15.212 0.000
