; Name diameter(mm) Length(mm) delay propellant_weight(kg) mass(kg)
M11100-I 101.6 1938 P 4.84 10.79 SS825I
0.010 1673.515
0.200 1749.384
0.390 1717.571
0.580 1685.042
0.780 1656.020
0.970 1627.280
1.160 1599.772
1.350 1573.417
1.540 1550.364
1.730 1526.751
1.920 1503.283
2.120 1478.727
2.310 1457.538
2.500 1437.279
2.690 1417.426
2.880 1397.391
3.070 1378.740
3.260 1360.794
3.450 1341.243
3.650 1321.846
3.840 1303.920
4.030 1287.115
4.220 1267.968
4.410 1251.238
4.600 1236.042
4.790 1222.128
4.990 1204.118
5.180 1188.027
5.370 1173.740
5.559 0.000
